/*--------------------------------*- C++ -*----------------------------------*\
  =========                 |
  \\      /  F ield         | OpenFOAM: The Open Source CFD Toolbox
   \\    /   O peration     | Website:  https://openfoam.org
    \\  /    A nd           | Version:  13
     \\/     M anipulation  |
\*---------------------------------------------------------------------------*/
FoamFile
{
    format      ascii;
    class       labelList;
    note        "nPoints: 11014 nCells: 5388 nFaces: 21671 nInternalFaces: 10657";
    location    "constant/polyMesh";
    object      neighbour;
}
// * * * * * * * * * * * * * * * * * * * * * * * * * * * * * * * * * * * * * //


10657
(
1
39
2694
2
40
2695
3
41
2696
4
42
2697
5
43
2698
6
44
2699
7
45
2700
8
46
2701
9
47
2702
10
48
2703
11
49
2704
12
50
2705
13
51
2706
14
52
2707
15
53
2708
16
54
2709
17
55
2710
18
56
2711
19
57
2712
20
58
2713
21
59
2714
22
60
2715
23
61
2716
24
62
2717
25
63
2718
26
64
2719
27
65
2720
28
66
2721
29
67
2722
30
68
2723
31
69
2724
32
70
2725
33
71
2726
34
72
2727
35
73
2728
36
74
2729
37
75
2730
38
76
2731
77
1560
2732
40
78
41
79
42
80
43
81
44
82
45
83
46
84
47
85
48
86
49
87
50
88
51
89
52
90
53
91
54
92
55
93
56
94
57
95
58
96
59
97
60
98
61
99
62
100
63
101
64
102
65
103
66
104
67
105
68
106
69
107
70
108
71
109
72
110
73
111
74
112
75
113
76
114
77
115
116
1575
79
117
80
118
81
119
82
120
83
121
84
122
85
123
86
124
87
125
88
126
89
127
90
128
91
129
92
130
93
131
94
132
95
133
96
134
97
135
98
136
99
137
100
138
101
139
102
140
103
141
104
142
105
143
106
144
107
145
108
146
109
147
110
148
111
149
112
150
113
151
114
152
115
153
116
154
155
1590
118
156
119
157
120
158
121
159
122
160
123
161
124
162
125
163
126
164
127
165
128
166
129
167
130
168
131
169
132
170
133
171
134
172
135
173
136
174
137
175
138
176
139
177
140
178
141
179
142
180
143
181
144
182
145
183
146
184
147
185
148
186
149
187
150
188
151
189
152
190
153
191
154
192
155
193
194
1605
157
195
158
196
159
197
160
198
161
199
162
200
163
201
164
202
165
203
166
204
167
205
168
206
169
207
170
208
171
209
172
210
173
211
174
212
175
213
176
214
177
215
178
216
179
217
180
218
181
219
182
220
183
221
184
222
185
223
186
224
187
225
188
226
189
227
190
228
191
229
192
230
193
231
194
232
233
1620
196
234
197
235
198
236
199
237
200
238
201
239
202
240
203
241
204
242
205
243
206
244
207
245
208
246
209
247
210
248
211
249
212
250
213
251
214
252
215
253
216
254
217
255
218
256
219
257
220
258
221
259
222
260
223
261
224
262
225
263
226
264
227
265
228
266
229
267
230
268
231
269
232
270
233
271
272
1635
235
273
236
274
237
275
238
276
239
277
240
278
241
279
242
280
243
281
244
282
245
283
246
284
247
285
248
286
249
287
250
288
251
289
252
290
253
291
254
292
255
293
256
294
257
295
258
296
259
297
260
298
261
299
262
300
263
301
264
302
265
303
266
304
267
305
268
306
269
307
270
308
271
309
272
310
311
1650
274
312
275
313
276
314
277
315
278
316
279
317
280
318
281
319
282
320
283
321
284
322
285
323
286
324
287
325
288
326
289
327
290
328
291
329
292
330
293
331
294
332
295
333
296
334
297
335
298
336
299
337
300
338
301
339
302
340
303
341
304
342
305
343
306
344
307
345
308
346
309
347
310
348
311
349
350
1665
313
351
314
352
315
353
316
354
317
355
318
356
319
357
320
358
321
359
322
360
323
361
324
362
325
363
326
364
327
365
328
366
329
367
330
368
331
369
332
370
333
371
334
372
335
373
336
374
337
375
338
376
339
377
340
378
341
379
342
380
343
381
344
382
345
383
346
384
347
385
348
386
349
387
350
388
389
1680
352
390
353
391
354
392
355
393
356
394
357
395
358
396
359
397
360
398
361
399
362
400
363
401
364
402
365
403
366
404
367
405
368
406
369
407
370
408
371
409
372
410
373
411
374
412
375
413
376
414
377
415
378
416
379
417
380
418
381
419
382
420
383
421
384
422
385
423
386
424
387
425
388
426
389
427
428
1695
391
429
392
430
393
431
394
432
395
433
396
434
397
435
398
436
399
437
400
438
401
439
402
440
403
441
404
442
405
443
406
444
407
445
408
446
409
447
410
448
411
449
412
450
413
451
414
452
415
453
416
454
417
455
418
456
419
457
420
458
421
459
422
460
423
461
424
462
425
463
426
464
427
465
428
466
467
1710
430
468
431
469
432
470
433
471
434
472
435
473
436
474
437
475
438
476
439
477
440
478
441
479
442
480
443
481
444
482
445
483
446
484
447
485
448
486
449
487
450
488
451
489
452
490
453
491
454
492
455
493
456
494
457
495
458
496
459
497
460
498
461
499
462
500
463
501
464
502
465
503
466
504
467
505
506
1725
469
507
470
508
471
509
472
510
473
511
474
512
475
513
476
514
477
515
478
516
479
517
480
518
481
519
482
520
483
521
484
522
485
523
486
524
487
525
488
526
489
527
490
528
491
529
492
530
493
531
494
532
495
533
496
534
497
535
498
536
499
537
500
538
501
539
502
540
503
541
504
542
505
543
506
544
545
1740
508
546
509
547
510
548
511
549
512
550
513
551
514
552
515
553
516
554
517
555
518
556
519
557
520
558
521
559
522
560
523
561
524
562
525
563
526
564
527
565
528
566
529
567
530
568
531
569
532
570
533
571
534
572
535
573
536
574
537
575
538
576
539
577
540
578
541
579
542
580
543
581
544
582
545
583
584
1755
547
585
548
586
549
587
550
588
551
589
552
590
553
591
554
592
555
593
556
594
557
595
558
596
559
597
560
598
561
599
562
600
563
601
564
602
565
603
566
604
567
605
568
606
569
607
570
608
571
609
572
610
573
611
574
612
575
613
576
614
577
615
578
616
579
617
580
618
581
619
582
620
583
621
584
622
623
1770
586
624
587
625
588
626
589
627
590
628
591
629
592
630
593
631
594
632
595
633
596
634
597
635
598
636
599
637
600
638
601
639
602
640
603
641
604
642
605
643
606
644
607
645
608
646
609
647
610
648
611
649
612
650
613
651
614
652
615
653
616
654
617
655
618
656
619
657
620
658
621
659
622
660
623
661
662
1785
625
663
626
664
627
665
628
666
629
667
630
668
631
669
632
670
633
671
634
672
635
673
636
674
637
675
638
676
639
677
640
678
641
679
642
680
643
681
644
682
645
683
646
684
647
685
648
686
649
687
650
688
651
689
652
690
653
691
654
692
655
693
656
694
657
695
658
696
659
697
660
698
661
699
662
700
701
1800
664
702
665
703
666
704
667
705
668
706
669
707
670
708
671
709
672
710
673
711
674
712
675
713
676
714
677
715
678
716
679
717
680
718
681
719
682
720
683
721
684
722
685
723
686
724
687
725
688
726
689
727
690
728
691
729
692
730
693
731
694
732
695
733
696
734
697
735
698
736
699
737
700
738
701
739
740
1815
703
741
704
742
705
743
706
744
707
745
708
746
709
747
710
748
711
749
712
750
713
751
714
752
715
753
716
754
717
755
718
756
719
757
720
758
721
759
722
760
723
761
724
762
725
763
726
764
727
765
728
766
729
767
730
768
731
769
732
770
733
771
734
772
735
773
736
774
737
775
738
776
739
777
740
778
779
1830
742
780
743
781
744
782
745
783
746
784
747
785
748
786
749
787
750
788
751
789
752
790
753
791
754
792
755
793
756
794
757
795
758
796
759
797
760
798
761
799
762
800
763
801
764
802
765
803
766
804
767
805
768
806
769
807
770
808
771
809
772
810
773
811
774
812
775
813
776
814
777
815
778
816
779
817
818
1845
781
819
782
820
783
821
784
822
785
823
786
824
787
825
788
826
789
827
790
828
791
829
792
830
793
831
794
832
795
833
796
834
797
835
798
836
799
837
800
838
801
839
802
840
803
841
804
842
805
843
806
844
807
845
808
846
809
847
810
848
811
849
812
850
813
851
814
852
815
853
816
854
817
855
818
856
857
1860
820
858
821
859
822
860
823
861
824
862
825
863
826
864
827
865
828
866
829
867
830
868
831
869
832
870
833
871
834
872
835
873
836
874
837
875
838
876
839
877
840
878
841
879
842
880
843
881
844
882
845
883
846
884
847
885
848
886
849
887
850
888
851
889
852
890
853
891
854
892
855
893
856
894
857
895
896
1875
859
897
860
898
861
899
862
900
863
901
864
902
865
903
866
904
867
905
868
906
869
907
870
908
871
909
872
910
873
911
874
912
875
913
876
914
877
915
878
916
879
917
880
918
881
919
882
920
883
921
884
922
885
923
886
924
887
925
888
926
889
927
890
928
891
929
892
930
893
931
894
932
895
933
896
934
935
1890
898
936
899
937
900
938
901
939
902
940
903
941
904
942
905
943
906
944
907
945
908
946
909
947
910
948
911
949
912
950
913
951
914
952
915
953
916
954
917
955
918
956
919
957
920
958
921
959
922
960
923
961
924
962
925
963
926
964
927
965
928
966
929
967
930
968
931
969
932
970
933
971
934
972
935
973
974
1905
937
975
938
976
939
977
940
978
941
979
942
980
943
981
944
982
945
983
946
984
947
985
948
986
949
987
950
988
951
989
952
990
953
991
954
992
955
993
956
994
957
995
958
996
959
997
960
998
961
999
962
1000
963
1001
964
1002
965
1003
966
1004
967
1005
968
1006
969
1007
970
1008
971
1009
972
1010
973
1011
974
1012
1013
2280
976
1014
977
1015
978
1016
979
1017
980
1018
981
1019
982
1020
983
1021
984
1022
985
1023
986
1024
987
1025
988
1026
989
1027
990
1028
991
1029
992
1030
993
1031
994
1032
995
1033
996
1034
997
1035
998
1036
999
1037
1000
1038
1001
1039
1002
1040
1003
1041
1004
1042
1005
1043
1006
1044
1007
1045
1008
1046
1009
1047
1010
1048
1011
1049
1012
1050
1013
1051
1052
2289
1015
1053
1016
1054
1017
1055
1018
1056
1019
1057
1020
1058
1021
1059
1022
1060
1023
1061
1024
1062
1025
1063
1026
1064
1027
1065
1028
1066
1029
1067
1030
1068
1031
1069
1032
1070
1033
1071
1034
1072
1035
1073
1036
1074
1037
1075
1038
1076
1039
1077
1040
1078
1041
1079
1042
1080
1043
1081
1044
1082
1045
1083
1046
1084
1047
1085
1048
1086
1049
1087
1050
1088
1051
1089
1052
1090
1091
2298
1054
1092
1055
1093
1056
1094
1057
1095
1058
1096
1059
1097
1060
1098
1061
1099
1062
1100
1063
1101
1064
1102
1065
1103
1066
1104
1067
1105
1068
1106
1069
1107
1070
1108
1071
1109
1072
1110
1073
1111
1074
1112
1075
1113
1076
1114
1077
1115
1078
1116
1079
1117
1080
1118
1081
1119
1082
1120
1083
1121
1084
1122
1085
1123
1086
1124
1087
1125
1088
1126
1089
1127
1090
1128
1091
1129
1130
2307
1093
1131
1094
1132
1095
1133
1096
1134
1097
1135
1098
1136
1099
1137
1100
1138
1101
1139
1102
1140
1103
1141
1104
1142
1105
1143
1106
1144
1107
1145
1108
1146
1109
1147
1110
1148
1111
1149
1112
1150
1113
1151
1114
1152
1115
1153
1116
1154
1117
1155
1118
1156
1119
1157
1120
1158
1121
1159
1122
1160
1123
1161
1124
1162
1125
1163
1126
1164
1127
1165
1128
1166
1129
1167
1130
1168
1169
2316
1132
1170
1133
1171
1134
1172
1135
1173
1136
1174
1137
1175
1138
1176
1139
1177
1140
1178
1141
1179
1142
1180
1143
1181
1144
1182
1145
1183
1146
1184
1147
1185
1148
1186
1149
1187
1150
1188
1151
1189
1152
1190
1153
1191
1154
1192
1155
1193
1156
1194
1157
1195
1158
1196
1159
1197
1160
1198
1161
1199
1162
1200
1163
1201
1164
1202
1165
1203
1166
1204
1167
1205
1168
1206
1169
1207
1208
2325
1171
1209
1172
1210
1173
1211
1174
1212
1175
1213
1176
1214
1177
1215
1178
1216
1179
1217
1180
1218
1181
1219
1182
1220
1183
1221
1184
1222
1185
1223
1186
1224
1187
1225
1188
1226
1189
1227
1190
1228
1191
1229
1192
1230
1193
1231
1194
1232
1195
1233
1196
1234
1197
1235
1198
1236
1199
1237
1200
1238
1201
1239
1202
1240
1203
1241
1204
1242
1205
1243
1206
1244
1207
1245
1208
1246
1247
2334
1210
1248
1211
1249
1212
1250
1213
1251
1214
1252
1215
1253
1216
1254
1217
1255
1218
1256
1219
1257
1220
1258
1221
1259
1222
1260
1223
1261
1224
1262
1225
1263
1226
1264
1227
1265
1228
1266
1229
1267
1230
1268
1231
1269
1232
1270
1233
1271
1234
1272
1235
1273
1236
1274
1237
1275
1238
1276
1239
1277
1240
1278
1241
1279
1242
1280
1243
1281
1244
1282
1245
1283
1246
1284
1247
1285
1286
2343
1249
1287
1250
1288
1251
1289
1252
1290
1253
1291
1254
1292
1255
1293
1256
1294
1257
1295
1258
1296
1259
1297
1260
1298
1261
1299
1262
1300
1263
1301
1264
1302
1265
1303
1266
1304
1267
1305
1268
1306
1269
1307
1270
1308
1271
1309
1272
1310
1273
1311
1274
1312
1275
1313
1276
1314
1277
1315
1278
1316
1279
1317
1280
1318
1281
1319
1282
1320
1283
1321
1284
1322
1285
1323
1286
1324
1325
2352
1288
1326
1289
1327
1290
1328
1291
1329
1292
1330
1293
1331
1294
1332
1295
1333
1296
1334
1297
1335
1298
1336
1299
1337
1300
1338
1301
1339
1302
1340
1303
1341
1304
1342
1305
1343
1306
1344
1307
1345
1308
1346
1309
1347
1310
1348
1311
1349
1312
1350
1313
1351
1314
1352
1315
1353
1316
1354
1317
1355
1318
1356
1319
1357
1320
1358
1321
1359
1322
1360
1323
1361
1324
1362
1325
1363
1364
2361
1327
1365
1328
1366
1329
1367
1330
1368
1331
1369
1332
1370
1333
1371
1334
1372
1335
1373
1336
1374
1337
1375
1338
1376
1339
1377
1340
1378
1341
1379
1342
1380
1343
1381
1344
1382
1345
1383
1346
1384
1347
1385
1348
1386
1349
1387
1350
1388
1351
1389
1352
1390
1353
1391
1354
1392
1355
1393
1356
1394
1357
1395
1358
1396
1359
1397
1360
1398
1361
1399
1362
1400
1363
1401
1364
1402
1403
2370
1366
1404
1367
1405
1368
1406
1369
1407
1370
1408
1371
1409
1372
1410
1373
1411
1374
1412
1375
1413
1376
1414
1377
1415
1378
1416
1379
1417
1380
1418
1381
1419
1382
1420
1383
1421
1384
1422
1385
1423
1386
1424
1387
1425
1388
1426
1389
1427
1390
1428
1391
1429
1392
1430
1393
1431
1394
1432
1395
1433
1396
1434
1397
1435
1398
1436
1399
1437
1400
1438
1401
1439
1402
1440
1403
1441
1442
2379
1405
1443
1406
1444
1407
1445
1408
1446
1409
1447
1410
1448
1411
1449
1412
1450
1413
1451
1414
1452
1415
1453
1416
1454
1417
1455
1418
1456
1419
1457
1420
1458
1421
1459
1422
1460
1423
1461
1424
1462
1425
1463
1426
1464
1427
1465
1428
1466
1429
1467
1430
1468
1431
1469
1432
1470
1433
1471
1434
1472
1435
1473
1436
1474
1437
1475
1438
1476
1439
1477
1440
1478
1441
1479
1442
1480
1481
2388
1444
1482
1445
1483
1446
1484
1447
1485
1448
1486
1449
1487
1450
1488
1451
1489
1452
1490
1453
1491
1454
1492
1455
1493
1456
1494
1457
1495
1458
1496
1459
1497
1460
1498
1461
1499
1462
1500
1463
1501
1464
1502
1465
1503
1466
1504
1467
1505
1468
1506
1469
1507
1470
1508
1471
1509
1472
1510
1473
1511
1474
1512
1475
1513
1476
1514
1477
1515
1478
1516
1479
1517
1480
1518
1481
1519
1520
2397
1483
1521
1484
1522
1485
1523
1486
1524
1487
1525
1488
1526
1489
1527
1490
1528
1491
1529
1492
1530
1493
1531
1494
1532
1495
1533
1496
1534
1497
1535
1498
1536
1499
1537
1500
1538
1501
1539
1502
1540
1503
1541
1504
1542
1505
1543
1506
1544
1507
1545
1508
1546
1509
1547
1510
1548
1511
1549
1512
1550
1513
1551
1514
1552
1515
1553
1516
1554
1517
1555
1518
1556
1519
1557
1520
1558
1559
2406
1522
4215
1523
4216
1524
4217
1525
4218
1526
4219
1527
4220
1528
4221
1529
4222
1530
4223
1531
4224
1532
4225
1533
4226
1534
4227
1535
4228
1536
4229
1537
4230
1538
4231
1539
4232
1540
4233
1541
4234
1542
4235
1543
4236
1544
4237
1545
4238
1546
4239
1547
4240
1548
4241
1549
4242
1550
4243
1551
4244
1552
4245
1553
4246
1554
4247
1555
4248
1556
4249
1557
4250
1558
4251
1559
4252
2415
4253
1561
1575
4254
1562
1576
4255
1563
1577
4256
1564
1578
4257
1565
1579
4258
1566
1580
4259
1567
1581
4260
1568
1582
4261
1569
1583
4262
1570
1584
4263
1571
1585
4264
1572
1586
4265
1573
1587
4266
1574
1588
4267
1589
1920
4268
1576
1590
1577
1591
1578
1592
1579
1593
1580
1594
1581
1595
1582
1596
1583
1597
1584
1598
1585
1599
1586
1600
1587
1601
1588
1602
1589
1603
1604
1935
1591
1605
1592
1606
1593
1607
1594
1608
1595
1609
1596
1610
1597
1611
1598
1612
1599
1613
1600
1614
1601
1615
1602
1616
1603
1617
1604
1618
1619
1950
1606
1620
1607
1621
1608
1622
1609
1623
1610
1624
1611
1625
1612
1626
1613
1627
1614
1628
1615
1629
1616
1630
1617
1631
1618
1632
1619
1633
1634
1965
1621
1635
1622
1636
1623
1637
1624
1638
1625
1639
1626
1640
1627
1641
1628
1642
1629
1643
1630
1644
1631
1645
1632
1646
1633
1647
1634
1648
1649
1980
1636
1650
1637
1651
1638
1652
1639
1653
1640
1654
1641
1655
1642
1656
1643
1657
1644
1658
1645
1659
1646
1660
1647
1661
1648
1662
1649
1663
1664
1995
1651
1665
1652
1666
1653
1667
1654
1668
1655
1669
1656
1670
1657
1671
1658
1672
1659
1673
1660
1674
1661
1675
1662
1676
1663
1677
1664
1678
1679
2010
1666
1680
1667
1681
1668
1682
1669
1683
1670
1684
1671
1685
1672
1686
1673
1687
1674
1688
1675
1689
1676
1690
1677
1691
1678
1692
1679
1693
1694
2025
1681
1695
1682
1696
1683
1697
1684
1698
1685
1699
1686
1700
1687
1701
1688
1702
1689
1703
1690
1704
1691
1705
1692
1706
1693
1707
1694
1708
1709
2040
1696
1710
1697
1711
1698
1712
1699
1713
1700
1714
1701
1715
1702
1716
1703
1717
1704
1718
1705
1719
1706
1720
1707
1721
1708
1722
1709
1723
1724
2055
1711
1725
1712
1726
1713
1727
1714
1728
1715
1729
1716
1730
1717
1731
1718
1732
1719
1733
1720
1734
1721
1735
1722
1736
1723
1737
1724
1738
1739
2070
1726
1740
1727
1741
1728
1742
1729
1743
1730
1744
1731
1745
1732
1746
1733
1747
1734
1748
1735
1749
1736
1750
1737
1751
1738
1752
1739
1753
1754
2085
1741
1755
1742
1756
1743
1757
1744
1758
1745
1759
1746
1760
1747
1761
1748
1762
1749
1763
1750
1764
1751
1765
1752
1766
1753
1767
1754
1768
1769
2100
1756
1770
1757
1771
1758
1772
1759
1773
1760
1774
1761
1775
1762
1776
1763
1777
1764
1778
1765
1779
1766
1780
1767
1781
1768
1782
1769
1783
1784
2115
1771
1785
1772
1786
1773
1787
1774
1788
1775
1789
1776
1790
1777
1791
1778
1792
1779
1793
1780
1794
1781
1795
1782
1796
1783
1797
1784
1798
1799
2130
1786
1800
1787
1801
1788
1802
1789
1803
1790
1804
1791
1805
1792
1806
1793
1807
1794
1808
1795
1809
1796
1810
1797
1811
1798
1812
1799
1813
1814
2145
1801
1815
1802
1816
1803
1817
1804
1818
1805
1819
1806
1820
1807
1821
1808
1822
1809
1823
1810
1824
1811
1825
1812
1826
1813
1827
1814
1828
1829
2160
1816
1830
1817
1831
1818
1832
1819
1833
1820
1834
1821
1835
1822
1836
1823
1837
1824
1838
1825
1839
1826
1840
1827
1841
1828
1842
1829
1843
1844
2175
1831
1845
1832
1846
1833
1847
1834
1848
1835
1849
1836
1850
1837
1851
1838
1852
1839
1853
1840
1854
1841
1855
1842
1856
1843
1857
1844
1858
1859
2190
1846
1860
1847
1861
1848
1862
1849
1863
1850
1864
1851
1865
1852
1866
1853
1867
1854
1868
1855
1869
1856
1870
1857
1871
1858
1872
1859
1873
1874
2205
1861
1875
1862
1876
1863
1877
1864
1878
1865
1879
1866
1880
1867
1881
1868
1882
1869
1883
1870
1884
1871
1885
1872
1886
1873
1887
1874
1888
1889
2220
1876
1890
1877
1891
1878
1892
1879
1893
1880
1894
1881
1895
1882
1896
1883
1897
1884
1898
1885
1899
1886
1900
1887
1901
1888
1902
1889
1903
1904
2235
1891
1905
1892
1906
1893
1907
1894
1908
1895
1909
1896
1910
1897
1911
1898
1912
1899
1913
1900
1914
1901
1915
1902
1916
1903
1917
1904
1918
1919
2250
1906
2424
1907
2425
1908
2426
1909
2427
1910
2428
1911
2429
1912
2430
1913
2431
1914
2432
1915
2433
1916
2434
1917
2435
1918
2436
1919
2437
2265
2438
1921
1935
4614
1922
1936
4615
1923
1937
4616
1924
1938
4617
1925
1939
4618
1926
1940
4619
1927
1941
4620
1928
1942
4621
1929
1943
4622
1930
1944
4623
1931
1945
4624
1932
1946
4625
1933
1947
4626
1934
1948
4627
1949
4628
1936
1950
1937
1951
1938
1952
1939
1953
1940
1954
1941
1955
1942
1956
1943
1957
1944
1958
1945
1959
1946
1960
1947
1961
1948
1962
1949
1963
1964
1951
1965
1952
1966
1953
1967
1954
1968
1955
1969
1956
1970
1957
1971
1958
1972
1959
1973
1960
1974
1961
1975
1962
1976
1963
1977
1964
1978
1979
1966
1980
1967
1981
1968
1982
1969
1983
1970
1984
1971
1985
1972
1986
1973
1987
1974
1988
1975
1989
1976
1990
1977
1991
1978
1992
1979
1993
1994
1981
1995
1982
1996
1983
1997
1984
1998
1985
1999
1986
2000
1987
2001
1988
2002
1989
2003
1990
2004
1991
2005
1992
2006
1993
2007
1994
2008
2009
1996
2010
1997
2011
1998
2012
1999
2013
2000
2014
2001
2015
2002
2016
2003
2017
2004
2018
2005
2019
2006
2020
2007
2021
2008
2022
2009
2023
2024
2011
2025
2012
2026
2013
2027
2014
2028
2015
2029
2016
2030
2017
2031
2018
2032
2019
2033
2020
2034
2021
2035
2022
2036
2023
2037
2024
2038
2039
2026
2040
2027
2041
2028
2042
2029
2043
2030
2044
2031
2045
2032
2046
2033
2047
2034
2048
2035
2049
2036
2050
2037
2051
2038
2052
2039
2053
2054
2041
2055
2042
2056
2043
2057
2044
2058
2045
2059
2046
2060
2047
2061
2048
2062
2049
2063
2050
2064
2051
2065
2052
2066
2053
2067
2054
2068
2069
2056
2070
2057
2071
2058
2072
2059
2073
2060
2074
2061
2075
2062
2076
2063
2077
2064
2078
2065
2079
2066
2080
2067
2081
2068
2082
2069
2083
2084
2071
2085
2072
2086
2073
2087
2074
2088
2075
2089
2076
2090
2077
2091
2078
2092
2079
2093
2080
2094
2081
2095
2082
2096
2083
2097
2084
2098
2099
2086
2100
2087
2101
2088
2102
2089
2103
2090
2104
2091
2105
2092
2106
2093
2107
2094
2108
2095
2109
2096
2110
2097
2111
2098
2112
2099
2113
2114
2101
2115
2102
2116
2103
2117
2104
2118
2105
2119
2106
2120
2107
2121
2108
2122
2109
2123
2110
2124
2111
2125
2112
2126
2113
2127
2114
2128
2129
2116
2130
2117
2131
2118
2132
2119
2133
2120
2134
2121
2135
2122
2136
2123
2137
2124
2138
2125
2139
2126
2140
2127
2141
2128
2142
2129
2143
2144
2131
2145
2132
2146
2133
2147
2134
2148
2135
2149
2136
2150
2137
2151
2138
2152
2139
2153
2140
2154
2141
2155
2142
2156
2143
2157
2144
2158
2159
2146
2160
2147
2161
2148
2162
2149
2163
2150
2164
2151
2165
2152
2166
2153
2167
2154
2168
2155
2169
2156
2170
2157
2171
2158
2172
2159
2173
2174
2161
2175
2162
2176
2163
2177
2164
2178
2165
2179
2166
2180
2167
2181
2168
2182
2169
2183
2170
2184
2171
2185
2172
2186
2173
2187
2174
2188
2189
2176
2190
2177
2191
2178
2192
2179
2193
2180
2194
2181
2195
2182
2196
2183
2197
2184
2198
2185
2199
2186
2200
2187
2201
2188
2202
2189
2203
2204
2191
2205
2192
2206
2193
2207
2194
2208
2195
2209
2196
2210
2197
2211
2198
2212
2199
2213
2200
2214
2201
2215
2202
2216
2203
2217
2204
2218
2219
2206
2220
2207
2221
2208
2222
2209
2223
2210
2224
2211
2225
2212
2226
2213
2227
2214
2228
2215
2229
2216
2230
2217
2231
2218
2232
2219
2233
2234
2221
2235
2222
2236
2223
2237
2224
2238
2225
2239
2226
2240
2227
2241
2228
2242
2229
2243
2230
2244
2231
2245
2232
2246
2233
2247
2234
2248
2249
2236
2250
2237
2251
2238
2252
2239
2253
2240
2254
2241
2255
2242
2256
2243
2257
2244
2258
2245
2259
2246
2260
2247
2261
2248
2262
2249
2263
2264
2251
2265
2252
2266
2253
2267
2254
2268
2255
2269
2256
2270
2257
2271
2258
2272
2259
2273
2260
2274
2261
2275
2262
2276
2263
2277
2264
2278
2279
2266
2559
2267
2560
2268
2561
2269
2562
2270
2563
2271
2564
2272
2565
2273
2566
2274
2567
2275
2568
2276
2569
2277
2570
2278
2571
2279
2572
2573
2281
2289
2424
2282
2290
2439
2283
2291
2454
2284
2292
2469
2285
2293
2484
2286
2294
2499
2287
2295
2514
2288
2296
2529
2297
2544
2290
2298
2291
2299
2292
2300
2293
2301
2294
2302
2295
2303
2296
2304
2297
2305
2306
2299
2307
2300
2308
2301
2309
2302
2310
2303
2311
2304
2312
2305
2313
2306
2314
2315
2308
2316
2309
2317
2310
2318
2311
2319
2312
2320
2313
2321
2314
2322
2315
2323
2324
2317
2325
2318
2326
2319
2327
2320
2328
2321
2329
2322
2330
2323
2331
2324
2332
2333
2326
2334
2327
2335
2328
2336
2329
2337
2330
2338
2331
2339
2332
2340
2333
2341
2342
2335
2343
2336
2344
2337
2345
2338
2346
2339
2347
2340
2348
2341
2349
2342
2350
2351
2344
2352
2345
2353
2346
2354
2347
2355
2348
2356
2349
2357
2350
2358
2351
2359
2360
2353
2361
2354
2362
2355
2363
2356
2364
2357
2365
2358
2366
2359
2367
2360
2368
2369
2362
2370
2363
2371
2364
2372
2365
2373
2366
2374
2367
2375
2368
2376
2369
2377
2378
2371
2379
2372
2380
2373
2381
2374
2382
2375
2383
2376
2384
2377
2385
2378
2386
2387
2380
2388
2381
2389
2382
2390
2383
2391
2384
2392
2385
2393
2386
2394
2387
2395
2396
2389
2397
2390
2398
2391
2399
2392
2400
2393
2401
2394
2402
2395
2403
2396
2404
2405
2398
2406
2399
2407
2400
2408
2401
2409
2402
2410
2403
2411
2404
2412
2405
2413
2414
2407
2415
2408
2416
2409
2417
2410
2418
2411
2419
2412
2420
2413
2421
2414
2422
2423
2416
5109
2417
5110
2418
5111
2419
5112
2420
5113
2421
5114
2422
5115
2423
5116
5117
2425
2439
2426
2440
2427
2441
2428
2442
2429
2443
2430
2444
2431
2445
2432
2446
2433
2447
2434
2448
2435
2449
2436
2450
2437
2451
2438
2452
2453
2559
2440
2454
2441
2455
2442
2456
2443
2457
2444
2458
2445
2459
2446
2460
2447
2461
2448
2462
2449
2463
2450
2464
2451
2465
2452
2466
2453
2467
2468
2574
2455
2469
2456
2470
2457
2471
2458
2472
2459
2473
2460
2474
2461
2475
2462
2476
2463
2477
2464
2478
2465
2479
2466
2480
2467
2481
2468
2482
2483
2589
2470
2484
2471
2485
2472
2486
2473
2487
2474
2488
2475
2489
2476
2490
2477
2491
2478
2492
2479
2493
2480
2494
2481
2495
2482
2496
2483
2497
2498
2604
2485
2499
2486
2500
2487
2501
2488
2502
2489
2503
2490
2504
2491
2505
2492
2506
2493
2507
2494
2508
2495
2509
2496
2510
2497
2511
2498
2512
2513
2619
2500
2514
2501
2515
2502
2516
2503
2517
2504
2518
2505
2519
2506
2520
2507
2521
2508
2522
2509
2523
2510
2524
2511
2525
2512
2526
2513
2527
2528
2634
2515
2529
2516
2530
2517
2531
2518
2532
2519
2533
2520
2534
2521
2535
2522
2536
2523
2537
2524
2538
2525
2539
2526
2540
2527
2541
2528
2542
2543
2649
2530
2544
2531
2545
2532
2546
2533
2547
2534
2548
2535
2549
2536
2550
2537
2551
2538
2552
2539
2553
2540
2554
2541
2555
2542
2556
2543
2557
2558
2664
2545
2546
2547
2548
2549
2550
2551
2552
2553
2554
2555
2556
2557
2558
2679
2560
2574
2561
2575
2562
2576
2563
2577
2564
2578
2565
2579
2566
2580
2567
2581
2568
2582
2569
2583
2570
2584
2571
2585
2572
2586
2573
2587
2588
2575
2589
2576
2590
2577
2591
2578
2592
2579
2593
2580
2594
2581
2595
2582
2596
2583
2597
2584
2598
2585
2599
2586
2600
2587
2601
2588
2602
2603
2590
2604
2591
2605
2592
2606
2593
2607
2594
2608
2595
2609
2596
2610
2597
2611
2598
2612
2599
2613
2600
2614
2601
2615
2602
2616
2603
2617
2618
2605
2619
2606
2620
2607
2621
2608
2622
2609
2623
2610
2624
2611
2625
2612
2626
2613
2627
2614
2628
2615
2629
2616
2630
2617
2631
2618
2632
2633
2620
2634
2621
2635
2622
2636
2623
2637
2624
2638
2625
2639
2626
2640
2627
2641
2628
2642
2629
2643
2630
2644
2631
2645
2632
2646
2633
2647
2648
2635
2649
2636
2650
2637
2651
2638
2652
2639
2653
2640
2654
2641
2655
2642
2656
2643
2657
2644
2658
2645
2659
2646
2660
2647
2661
2648
2662
2663
2650
2664
2651
2665
2652
2666
2653
2667
2654
2668
2655
2669
2656
2670
2657
2671
2658
2672
2659
2673
2660
2674
2661
2675
2662
2676
2663
2677
2678
2665
2679
2666
2680
2667
2681
2668
2682
2669
2683
2670
2684
2671
2685
2672
2686
2673
2687
2674
2688
2675
2689
2676
2690
2677
2691
2678
2692
2693
2680
2681
2682
2683
2684
2685
2686
2687
2688
2689
2690
2691
2692
2693
2695
2733
2696
2734
2697
2735
2698
2736
2699
2737
2700
2738
2701
2739
2702
2740
2703
2741
2704
2742
2705
2743
2706
2744
2707
2745
2708
2746
2709
2747
2710
2748
2711
2749
2712
2750
2713
2751
2714
2752
2715
2753
2716
2754
2717
2755
2718
2756
2719
2757
2720
2758
2721
2759
2722
2760
2723
2761
2724
2762
2725
2763
2726
2764
2727
2765
2728
2766
2729
2767
2730
2768
2731
2769
2732
2770
2771
4254
2734
2772
2735
2773
2736
2774
2737
2775
2738
2776
2739
2777
2740
2778
2741
2779
2742
2780
2743
2781
2744
2782
2745
2783
2746
2784
2747
2785
2748
2786
2749
2787
2750
2788
2751
2789
2752
2790
2753
2791
2754
2792
2755
2793
2756
2794
2757
2795
2758
2796
2759
2797
2760
2798
2761
2799
2762
2800
2763
2801
2764
2802
2765
2803
2766
2804
2767
2805
2768
2806
2769
2807
2770
2808
2771
2809
2810
4269
2773
2811
2774
2812
2775
2813
2776
2814
2777
2815
2778
2816
2779
2817
2780
2818
2781
2819
2782
2820
2783
2821
2784
2822
2785
2823
2786
2824
2787
2825
2788
2826
2789
2827
2790
2828
2791
2829
2792
2830
2793
2831
2794
2832
2795
2833
2796
2834
2797
2835
2798
2836
2799
2837
2800
2838
2801
2839
2802
2840
2803
2841
2804
2842
2805
2843
2806
2844
2807
2845
2808
2846
2809
2847
2810
2848
2849
4284
2812
2850
2813
2851
2814
2852
2815
2853
2816
2854
2817
2855
2818
2856
2819
2857
2820
2858
2821
2859
2822
2860
2823
2861
2824
2862
2825
2863
2826
2864
2827
2865
2828
2866
2829
2867
2830
2868
2831
2869
2832
2870
2833
2871
2834
2872
2835
2873
2836
2874
2837
2875
2838
2876
2839
2877
2840
2878
2841
2879
2842
2880
2843
2881
2844
2882
2845
2883
2846
2884
2847
2885
2848
2886
2849
2887
2888
4299
2851
2889
2852
2890
2853
2891
2854
2892
2855
2893
2856
2894
2857
2895
2858
2896
2859
2897
2860
2898
2861
2899
2862
2900
2863
2901
2864
2902
2865
2903
2866
2904
2867
2905
2868
2906
2869
2907
2870
2908
2871
2909
2872
2910
2873
2911
2874
2912
2875
2913
2876
2914
2877
2915
2878
2916
2879
2917
2880
2918
2881
2919
2882
2920
2883
2921
2884
2922
2885
2923
2886
2924
2887
2925
2888
2926
2927
4314
2890
2928
2891
2929
2892
2930
2893
2931
2894
2932
2895
2933
2896
2934
2897
2935
2898
2936
2899
2937
2900
2938
2901
2939
2902
2940
2903
2941
2904
2942
2905
2943
2906
2944
2907
2945
2908
2946
2909
2947
2910
2948
2911
2949
2912
2950
2913
2951
2914
2952
2915
2953
2916
2954
2917
2955
2918
2956
2919
2957
2920
2958
2921
2959
2922
2960
2923
2961
2924
2962
2925
2963
2926
2964
2927
2965
2966
4329
2929
2967
2930
2968
2931
2969
2932
2970
2933
2971
2934
2972
2935
2973
2936
2974
2937
2975
2938
2976
2939
2977
2940
2978
2941
2979
2942
2980
2943
2981
2944
2982
2945
2983
2946
2984
2947
2985
2948
2986
2949
2987
2950
2988
2951
2989
2952
2990
2953
2991
2954
2992
2955
2993
2956
2994
2957
2995
2958
2996
2959
2997
2960
2998
2961
2999
2962
3000
2963
3001
2964
3002
2965
3003
2966
3004
3005
4344
2968
3006
2969
3007
2970
3008
2971
3009
2972
3010
2973
3011
2974
3012
2975
3013
2976
3014
2977
3015
2978
3016
2979
3017
2980
3018
2981
3019
2982
3020
2983
3021
2984
3022
2985
3023
2986
3024
2987
3025
2988
3026
2989
3027
2990
3028
2991
3029
2992
3030
2993
3031
2994
3032
2995
3033
2996
3034
2997
3035
2998
3036
2999
3037
3000
3038
3001
3039
3002
3040
3003
3041
3004
3042
3005
3043
3044
4359
3007
3045
3008
3046
3009
3047
3010
3048
3011
3049
3012
3050
3013
3051
3014
3052
3015
3053
3016
3054
3017
3055
3018
3056
3019
3057
3020
3058
3021
3059
3022
3060
3023
3061
3024
3062
3025
3063
3026
3064
3027
3065
3028
3066
3029
3067
3030
3068
3031
3069
3032
3070
3033
3071
3034
3072
3035
3073
3036
3074
3037
3075
3038
3076
3039
3077
3040
3078
3041
3079
3042
3080
3043
3081
3044
3082
3083
4374
3046
3084
3047
3085
3048
3086
3049
3087
3050
3088
3051
3089
3052
3090
3053
3091
3054
3092
3055
3093
3056
3094
3057
3095
3058
3096
3059
3097
3060
3098
3061
3099
3062
3100
3063
3101
3064
3102
3065
3103
3066
3104
3067
3105
3068
3106
3069
3107
3070
3108
3071
3109
3072
3110
3073
3111
3074
3112
3075
3113
3076
3114
3077
3115
3078
3116
3079
3117
3080
3118
3081
3119
3082
3120
3083
3121
3122
4389
3085
3123
3086
3124
3087
3125
3088
3126
3089
3127
3090
3128
3091
3129
3092
3130
3093
3131
3094
3132
3095
3133
3096
3134
3097
3135
3098
3136
3099
3137
3100
3138
3101
3139
3102
3140
3103
3141
3104
3142
3105
3143
3106
3144
3107
3145
3108
3146
3109
3147
3110
3148
3111
3149
3112
3150
3113
3151
3114
3152
3115
3153
3116
3154
3117
3155
3118
3156
3119
3157
3120
3158
3121
3159
3122
3160
3161
4404
3124
3162
3125
3163
3126
3164
3127
3165
3128
3166
3129
3167
3130
3168
3131
3169
3132
3170
3133
3171
3134
3172
3135
3173
3136
3174
3137
3175
3138
3176
3139
3177
3140
3178
3141
3179
3142
3180
3143
3181
3144
3182
3145
3183
3146
3184
3147
3185
3148
3186
3149
3187
3150
3188
3151
3189
3152
3190
3153
3191
3154
3192
3155
3193
3156
3194
3157
3195
3158
3196
3159
3197
3160
3198
3161
3199
3200
4419
3163
3201
3164
3202
3165
3203
3166
3204
3167
3205
3168
3206
3169
3207
3170
3208
3171
3209
3172
3210
3173
3211
3174
3212
3175
3213
3176
3214
3177
3215
3178
3216
3179
3217
3180
3218
3181
3219
3182
3220
3183
3221
3184
3222
3185
3223
3186
3224
3187
3225
3188
3226
3189
3227
3190
3228
3191
3229
3192
3230
3193
3231
3194
3232
3195
3233
3196
3234
3197
3235
3198
3236
3199
3237
3200
3238
3239
4434
3202
3240
3203
3241
3204
3242
3205
3243
3206
3244
3207
3245
3208
3246
3209
3247
3210
3248
3211
3249
3212
3250
3213
3251
3214
3252
3215
3253
3216
3254
3217
3255
3218
3256
3219
3257
3220
3258
3221
3259
3222
3260
3223
3261
3224
3262
3225
3263
3226
3264
3227
3265
3228
3266
3229
3267
3230
3268
3231
3269
3232
3270
3233
3271
3234
3272
3235
3273
3236
3274
3237
3275
3238
3276
3239
3277
3278
4449
3241
3279
3242
3280
3243
3281
3244
3282
3245
3283
3246
3284
3247
3285
3248
3286
3249
3287
3250
3288
3251
3289
3252
3290
3253
3291
3254
3292
3255
3293
3256
3294
3257
3295
3258
3296
3259
3297
3260
3298
3261
3299
3262
3300
3263
3301
3264
3302
3265
3303
3266
3304
3267
3305
3268
3306
3269
3307
3270
3308
3271
3309
3272
3310
3273
3311
3274
3312
3275
3313
3276
3314
3277
3315
3278
3316
3317
4464
3280
3318
3281
3319
3282
3320
3283
3321
3284
3322
3285
3323
3286
3324
3287
3325
3288
3326
3289
3327
3290
3328
3291
3329
3292
3330
3293
3331
3294
3332
3295
3333
3296
3334
3297
3335
3298
3336
3299
3337
3300
3338
3301
3339
3302
3340
3303
3341
3304
3342
3305
3343
3306
3344
3307
3345
3308
3346
3309
3347
3310
3348
3311
3349
3312
3350
3313
3351
3314
3352
3315
3353
3316
3354
3317
3355
3356
4479
3319
3357
3320
3358
3321
3359
3322
3360
3323
3361
3324
3362
3325
3363
3326
3364
3327
3365
3328
3366
3329
3367
3330
3368
3331
3369
3332
3370
3333
3371
3334
3372
3335
3373
3336
3374
3337
3375
3338
3376
3339
3377
3340
3378
3341
3379
3342
3380
3343
3381
3344
3382
3345
3383
3346
3384
3347
3385
3348
3386
3349
3387
3350
3388
3351
3389
3352
3390
3353
3391
3354
3392
3355
3393
3356
3394
3395
4494
3358
3396
3359
3397
3360
3398
3361
3399
3362
3400
3363
3401
3364
3402
3365
3403
3366
3404
3367
3405
3368
3406
3369
3407
3370
3408
3371
3409
3372
3410
3373
3411
3374
3412
3375
3413
3376
3414
3377
3415
3378
3416
3379
3417
3380
3418
3381
3419
3382
3420
3383
3421
3384
3422
3385
3423
3386
3424
3387
3425
3388
3426
3389
3427
3390
3428
3391
3429
3392
3430
3393
3431
3394
3432
3395
3433
3434
4509
3397
3435
3398
3436
3399
3437
3400
3438
3401
3439
3402
3440
3403
3441
3404
3442
3405
3443
3406
3444
3407
3445
3408
3446
3409
3447
3410
3448
3411
3449
3412
3450
3413
3451
3414
3452
3415
3453
3416
3454
3417
3455
3418
3456
3419
3457
3420
3458
3421
3459
3422
3460
3423
3461
3424
3462
3425
3463
3426
3464
3427
3465
3428
3466
3429
3467
3430
3468
3431
3469
3432
3470
3433
3471
3434
3472
3473
4524
3436
3474
3437
3475
3438
3476
3439
3477
3440
3478
3441
3479
3442
3480
3443
3481
3444
3482
3445
3483
3446
3484
3447
3485
3448
3486
3449
3487
3450
3488
3451
3489
3452
3490
3453
3491
3454
3492
3455
3493
3456
3494
3457
3495
3458
3496
3459
3497
3460
3498
3461
3499
3462
3500
3463
3501
3464
3502
3465
3503
3466
3504
3467
3505
3468
3506
3469
3507
3470
3508
3471
3509
3472
3510
3473
3511
3512
4539
3475
3513
3476
3514
3477
3515
3478
3516
3479
3517
3480
3518
3481
3519
3482
3520
3483
3521
3484
3522
3485
3523
3486
3524
3487
3525
3488
3526
3489
3527
3490
3528
3491
3529
3492
3530
3493
3531
3494
3532
3495
3533
3496
3534
3497
3535
3498
3536
3499
3537
3500
3538
3501
3539
3502
3540
3503
3541
3504
3542
3505
3543
3506
3544
3507
3545
3508
3546
3509
3547
3510
3548
3511
3549
3512
3550
3551
4554
3514
3552
3515
3553
3516
3554
3517
3555
3518
3556
3519
3557
3520
3558
3521
3559
3522
3560
3523
3561
3524
3562
3525
3563
3526
3564
3527
3565
3528
3566
3529
3567
3530
3568
3531
3569
3532
3570
3533
3571
3534
3572
3535
3573
3536
3574
3537
3575
3538
3576
3539
3577
3540
3578
3541
3579
3542
3580
3543
3581
3544
3582
3545
3583
3546
3584
3547
3585
3548
3586
3549
3587
3550
3588
3551
3589
3590
4569
3553
3591
3554
3592
3555
3593
3556
3594
3557
3595
3558
3596
3559
3597
3560
3598
3561
3599
3562
3600
3563
3601
3564
3602
3565
3603
3566
3604
3567
3605
3568
3606
3569
3607
3570
3608
3571
3609
3572
3610
3573
3611
3574
3612
3575
3613
3576
3614
3577
3615
3578
3616
3579
3617
3580
3618
3581
3619
3582
3620
3583
3621
3584
3622
3585
3623
3586
3624
3587
3625
3588
3626
3589
3627
3590
3628
3629
4584
3592
3630
3593
3631
3594
3632
3595
3633
3596
3634
3597
3635
3598
3636
3599
3637
3600
3638
3601
3639
3602
3640
3603
3641
3604
3642
3605
3643
3606
3644
3607
3645
3608
3646
3609
3647
3610
3648
3611
3649
3612
3650
3613
3651
3614
3652
3615
3653
3616
3654
3617
3655
3618
3656
3619
3657
3620
3658
3621
3659
3622
3660
3623
3661
3624
3662
3625
3663
3626
3664
3627
3665
3628
3666
3629
3667
3668
4599
3631
3669
3632
3670
3633
3671
3634
3672
3635
3673
3636
3674
3637
3675
3638
3676
3639
3677
3640
3678
3641
3679
3642
3680
3643
3681
3644
3682
3645
3683
3646
3684
3647
3685
3648
3686
3649
3687
3650
3688
3651
3689
3652
3690
3653
3691
3654
3692
3655
3693
3656
3694
3657
3695
3658
3696
3659
3697
3660
3698
3661
3699
3662
3700
3663
3701
3664
3702
3665
3703
3666
3704
3667
3705
3668
3706
3707
4974
3670
3708
3671
3709
3672
3710
3673
3711
3674
3712
3675
3713
3676
3714
3677
3715
3678
3716
3679
3717
3680
3718
3681
3719
3682
3720
3683
3721
3684
3722
3685
3723
3686
3724
3687
3725
3688
3726
3689
3727
3690
3728
3691
3729
3692
3730
3693
3731
3694
3732
3695
3733
3696
3734
3697
3735
3698
3736
3699
3737
3700
3738
3701
3739
3702
3740
3703
3741
3704
3742
3705
3743
3706
3744
3707
3745
3746
4983
3709
3747
3710
3748
3711
3749
3712
3750
3713
3751
3714
3752
3715
3753
3716
3754
3717
3755
3718
3756
3719
3757
3720
3758
3721
3759
3722
3760
3723
3761
3724
3762
3725
3763
3726
3764
3727
3765
3728
3766
3729
3767
3730
3768
3731
3769
3732
3770
3733
3771
3734
3772
3735
3773
3736
3774
3737
3775
3738
3776
3739
3777
3740
3778
3741
3779
3742
3780
3743
3781
3744
3782
3745
3783
3746
3784
3785
4992
3748
3786
3749
3787
3750
3788
3751
3789
3752
3790
3753
3791
3754
3792
3755
3793
3756
3794
3757
3795
3758
3796
3759
3797
3760
3798
3761
3799
3762
3800
3763
3801
3764
3802
3765
3803
3766
3804
3767
3805
3768
3806
3769
3807
3770
3808
3771
3809
3772
3810
3773
3811
3774
3812
3775
3813
3776
3814
3777
3815
3778
3816
3779
3817
3780
3818
3781
3819
3782
3820
3783
3821
3784
3822
3785
3823
3824
5001
3787
3825
3788
3826
3789
3827
3790
3828
3791
3829
3792
3830
3793
3831
3794
3832
3795
3833
3796
3834
3797
3835
3798
3836
3799
3837
3800
3838
3801
3839
3802
3840
3803
3841
3804
3842
3805
3843
3806
3844
3807
3845
3808
3846
3809
3847
3810
3848
3811
3849
3812
3850
3813
3851
3814
3852
3815
3853
3816
3854
3817
3855
3818
3856
3819
3857
3820
3858
3821
3859
3822
3860
3823
3861
3824
3862
3863
5010
3826
3864
3827
3865
3828
3866
3829
3867
3830
3868
3831
3869
3832
3870
3833
3871
3834
3872
3835
3873
3836
3874
3837
3875
3838
3876
3839
3877
3840
3878
3841
3879
3842
3880
3843
3881
3844
3882
3845
3883
3846
3884
3847
3885
3848
3886
3849
3887
3850
3888
3851
3889
3852
3890
3853
3891
3854
3892
3855
3893
3856
3894
3857
3895
3858
3896
3859
3897
3860
3898
3861
3899
3862
3900
3863
3901
3902
5019
3865
3903
3866
3904
3867
3905
3868
3906
3869
3907
3870
3908
3871
3909
3872
3910
3873
3911
3874
3912
3875
3913
3876
3914
3877
3915
3878
3916
3879
3917
3880
3918
3881
3919
3882
3920
3883
3921
3884
3922
3885
3923
3886
3924
3887
3925
3888
3926
3889
3927
3890
3928
3891
3929
3892
3930
3893
3931
3894
3932
3895
3933
3896
3934
3897
3935
3898
3936
3899
3937
3900
3938
3901
3939
3902
3940
3941
5028
3904
3942
3905
3943
3906
3944
3907
3945
3908
3946
3909
3947
3910
3948
3911
3949
3912
3950
3913
3951
3914
3952
3915
3953
3916
3954
3917
3955
3918
3956
3919
3957
3920
3958
3921
3959
3922
3960
3923
3961
3924
3962
3925
3963
3926
3964
3927
3965
3928
3966
3929
3967
3930
3968
3931
3969
3932
3970
3933
3971
3934
3972
3935
3973
3936
3974
3937
3975
3938
3976
3939
3977
3940
3978
3941
3979
3980
5037
3943
3981
3944
3982
3945
3983
3946
3984
3947
3985
3948
3986
3949
3987
3950
3988
3951
3989
3952
3990
3953
3991
3954
3992
3955
3993
3956
3994
3957
3995
3958
3996
3959
3997
3960
3998
3961
3999
3962
4000
3963
4001
3964
4002
3965
4003
3966
4004
3967
4005
3968
4006
3969
4007
3970
4008
3971
4009
3972
4010
3973
4011
3974
4012
3975
4013
3976
4014
3977
4015
3978
4016
3979
4017
3980
4018
4019
5046
3982
4020
3983
4021
3984
4022
3985
4023
3986
4024
3987
4025
3988
4026
3989
4027
3990
4028
3991
4029
3992
4030
3993
4031
3994
4032
3995
4033
3996
4034
3997
4035
3998
4036
3999
4037
4000
4038
4001
4039
4002
4040
4003
4041
4004
4042
4005
4043
4006
4044
4007
4045
4008
4046
4009
4047
4010
4048
4011
4049
4012
4050
4013
4051
4014
4052
4015
4053
4016
4054
4017
4055
4018
4056
4019
4057
4058
5055
4021
4059
4022
4060
4023
4061
4024
4062
4025
4063
4026
4064
4027
4065
4028
4066
4029
4067
4030
4068
4031
4069
4032
4070
4033
4071
4034
4072
4035
4073
4036
4074
4037
4075
4038
4076
4039
4077
4040
4078
4041
4079
4042
4080
4043
4081
4044
4082
4045
4083
4046
4084
4047
4085
4048
4086
4049
4087
4050
4088
4051
4089
4052
4090
4053
4091
4054
4092
4055
4093
4056
4094
4057
4095
4058
4096
4097
5064
4060
4098
4061
4099
4062
4100
4063
4101
4064
4102
4065
4103
4066
4104
4067
4105
4068
4106
4069
4107
4070
4108
4071
4109
4072
4110
4073
4111
4074
4112
4075
4113
4076
4114
4077
4115
4078
4116
4079
4117
4080
4118
4081
4119
4082
4120
4083
4121
4084
4122
4085
4123
4086
4124
4087
4125
4088
4126
4089
4127
4090
4128
4091
4129
4092
4130
4093
4131
4094
4132
4095
4133
4096
4134
4097
4135
4136
5073
4099
4137
4100
4138
4101
4139
4102
4140
4103
4141
4104
4142
4105
4143
4106
4144
4107
4145
4108
4146
4109
4147
4110
4148
4111
4149
4112
4150
4113
4151
4114
4152
4115
4153
4116
4154
4117
4155
4118
4156
4119
4157
4120
4158
4121
4159
4122
4160
4123
4161
4124
4162
4125
4163
4126
4164
4127
4165
4128
4166
4129
4167
4130
4168
4131
4169
4132
4170
4133
4171
4134
4172
4135
4173
4136
4174
4175
5082
4138
4176
4139
4177
4140
4178
4141
4179
4142
4180
4143
4181
4144
4182
4145
4183
4146
4184
4147
4185
4148
4186
4149
4187
4150
4188
4151
4189
4152
4190
4153
4191
4154
4192
4155
4193
4156
4194
4157
4195
4158
4196
4159
4197
4160
4198
4161
4199
4162
4200
4163
4201
4164
4202
4165
4203
4166
4204
4167
4205
4168
4206
4169
4207
4170
4208
4171
4209
4172
4210
4173
4211
4174
4212
4175
4213
4214
5091
4177
4215
4178
4216
4179
4217
4180
4218
4181
4219
4182
4220
4183
4221
4184
4222
4185
4223
4186
4224
4187
4225
4188
4226
4189
4227
4190
4228
4191
4229
4192
4230
4193
4231
4194
4232
4195
4233
4196
4234
4197
4235
4198
4236
4199
4237
4200
4238
4201
4239
4202
4240
4203
4241
4204
4242
4205
4243
4206
4244
4207
4245
4208
4246
4209
4247
4210
4248
4211
4249
4212
4250
4213
4251
4214
4252
4253
5100
4216
4217
4218
4219
4220
4221
4222
4223
4224
4225
4226
4227
4228
4229
4230
4231
4232
4233
4234
4235
4236
4237
4238
4239
4240
4241
4242
4243
4244
4245
4246
4247
4248
4249
4250
4251
4252
4253
5109
4255
4269
4256
4270
4257
4271
4258
4272
4259
4273
4260
4274
4261
4275
4262
4276
4263
4277
4264
4278
4265
4279
4266
4280
4267
4281
4268
4282
4283
4614
4270
4284
4271
4285
4272
4286
4273
4287
4274
4288
4275
4289
4276
4290
4277
4291
4278
4292
4279
4293
4280
4294
4281
4295
4282
4296
4283
4297
4298
4629
4285
4299
4286
4300
4287
4301
4288
4302
4289
4303
4290
4304
4291
4305
4292
4306
4293
4307
4294
4308
4295
4309
4296
4310
4297
4311
4298
4312
4313
4644
4300
4314
4301
4315
4302
4316
4303
4317
4304
4318
4305
4319
4306
4320
4307
4321
4308
4322
4309
4323
4310
4324
4311
4325
4312
4326
4313
4327
4328
4659
4315
4329
4316
4330
4317
4331
4318
4332
4319
4333
4320
4334
4321
4335
4322
4336
4323
4337
4324
4338
4325
4339
4326
4340
4327
4341
4328
4342
4343
4674
4330
4344
4331
4345
4332
4346
4333
4347
4334
4348
4335
4349
4336
4350
4337
4351
4338
4352
4339
4353
4340
4354
4341
4355
4342
4356
4343
4357
4358
4689
4345
4359
4346
4360
4347
4361
4348
4362
4349
4363
4350
4364
4351
4365
4352
4366
4353
4367
4354
4368
4355
4369
4356
4370
4357
4371
4358
4372
4373
4704
4360
4374
4361
4375
4362
4376
4363
4377
4364
4378
4365
4379
4366
4380
4367
4381
4368
4382
4369
4383
4370
4384
4371
4385
4372
4386
4373
4387
4388
4719
4375
4389
4376
4390
4377
4391
4378
4392
4379
4393
4380
4394
4381
4395
4382
4396
4383
4397
4384
4398
4385
4399
4386
4400
4387
4401
4388
4402
4403
4734
4390
4404
4391
4405
4392
4406
4393
4407
4394
4408
4395
4409
4396
4410
4397
4411
4398
4412
4399
4413
4400
4414
4401
4415
4402
4416
4403
4417
4418
4749
4405
4419
4406
4420
4407
4421
4408
4422
4409
4423
4410
4424
4411
4425
4412
4426
4413
4427
4414
4428
4415
4429
4416
4430
4417
4431
4418
4432
4433
4764
4420
4434
4421
4435
4422
4436
4423
4437
4424
4438
4425
4439
4426
4440
4427
4441
4428
4442
4429
4443
4430
4444
4431
4445
4432
4446
4433
4447
4448
4779
4435
4449
4436
4450
4437
4451
4438
4452
4439
4453
4440
4454
4441
4455
4442
4456
4443
4457
4444
4458
4445
4459
4446
4460
4447
4461
4448
4462
4463
4794
4450
4464
4451
4465
4452
4466
4453
4467
4454
4468
4455
4469
4456
4470
4457
4471
4458
4472
4459
4473
4460
4474
4461
4475
4462
4476
4463
4477
4478
4809
4465
4479
4466
4480
4467
4481
4468
4482
4469
4483
4470
4484
4471
4485
4472
4486
4473
4487
4474
4488
4475
4489
4476
4490
4477
4491
4478
4492
4493
4824
4480
4494
4481
4495
4482
4496
4483
4497
4484
4498
4485
4499
4486
4500
4487
4501
4488
4502
4489
4503
4490
4504
4491
4505
4492
4506
4493
4507
4508
4839
4495
4509
4496
4510
4497
4511
4498
4512
4499
4513
4500
4514
4501
4515
4502
4516
4503
4517
4504
4518
4505
4519
4506
4520
4507
4521
4508
4522
4523
4854
4510
4524
4511
4525
4512
4526
4513
4527
4514
4528
4515
4529
4516
4530
4517
4531
4518
4532
4519
4533
4520
4534
4521
4535
4522
4536
4523
4537
4538
4869
4525
4539
4526
4540
4527
4541
4528
4542
4529
4543
4530
4544
4531
4545
4532
4546
4533
4547
4534
4548
4535
4549
4536
4550
4537
4551
4538
4552
4553
4884
4540
4554
4541
4555
4542
4556
4543
4557
4544
4558
4545
4559
4546
4560
4547
4561
4548
4562
4549
4563
4550
4564
4551
4565
4552
4566
4553
4567
4568
4899
4555
4569
4556
4570
4557
4571
4558
4572
4559
4573
4560
4574
4561
4575
4562
4576
4563
4577
4564
4578
4565
4579
4566
4580
4567
4581
4568
4582
4583
4914
4570
4584
4571
4585
4572
4586
4573
4587
4574
4588
4575
4589
4576
4590
4577
4591
4578
4592
4579
4593
4580
4594
4581
4595
4582
4596
4583
4597
4598
4929
4585
4599
4586
4600
4587
4601
4588
4602
4589
4603
4590
4604
4591
4605
4592
4606
4593
4607
4594
4608
4595
4609
4596
4610
4597
4611
4598
4612
4613
4944
4600
5118
4601
5119
4602
5120
4603
5121
4604
5122
4605
5123
4606
5124
4607
5125
4608
5126
4609
5127
4610
5128
4611
5129
4612
5130
4613
5131
4959
5132
4615
4629
4616
4630
4617
4631
4618
4632
4619
4633
4620
4634
4621
4635
4622
4636
4623
4637
4624
4638
4625
4639
4626
4640
4627
4641
4628
4642
4643
4630
4644
4631
4645
4632
4646
4633
4647
4634
4648
4635
4649
4636
4650
4637
4651
4638
4652
4639
4653
4640
4654
4641
4655
4642
4656
4643
4657
4658
4645
4659
4646
4660
4647
4661
4648
4662
4649
4663
4650
4664
4651
4665
4652
4666
4653
4667
4654
4668
4655
4669
4656
4670
4657
4671
4658
4672
4673
4660
4674
4661
4675
4662
4676
4663
4677
4664
4678
4665
4679
4666
4680
4667
4681
4668
4682
4669
4683
4670
4684
4671
4685
4672
4686
4673
4687
4688
4675
4689
4676
4690
4677
4691
4678
4692
4679
4693
4680
4694
4681
4695
4682
4696
4683
4697
4684
4698
4685
4699
4686
4700
4687
4701
4688
4702
4703
4690
4704
4691
4705
4692
4706
4693
4707
4694
4708
4695
4709
4696
4710
4697
4711
4698
4712
4699
4713
4700
4714
4701
4715
4702
4716
4703
4717
4718
4705
4719
4706
4720
4707
4721
4708
4722
4709
4723
4710
4724
4711
4725
4712
4726
4713
4727
4714
4728
4715
4729
4716
4730
4717
4731
4718
4732
4733
4720
4734
4721
4735
4722
4736
4723
4737
4724
4738
4725
4739
4726
4740
4727
4741
4728
4742
4729
4743
4730
4744
4731
4745
4732
4746
4733
4747
4748
4735
4749
4736
4750
4737
4751
4738
4752
4739
4753
4740
4754
4741
4755
4742
4756
4743
4757
4744
4758
4745
4759
4746
4760
4747
4761
4748
4762
4763
4750
4764
4751
4765
4752
4766
4753
4767
4754
4768
4755
4769
4756
4770
4757
4771
4758
4772
4759
4773
4760
4774
4761
4775
4762
4776
4763
4777
4778
4765
4779
4766
4780
4767
4781
4768
4782
4769
4783
4770
4784
4771
4785
4772
4786
4773
4787
4774
4788
4775
4789
4776
4790
4777
4791
4778
4792
4793
4780
4794
4781
4795
4782
4796
4783
4797
4784
4798
4785
4799
4786
4800
4787
4801
4788
4802
4789
4803
4790
4804
4791
4805
4792
4806
4793
4807
4808
4795
4809
4796
4810
4797
4811
4798
4812
4799
4813
4800
4814
4801
4815
4802
4816
4803
4817
4804
4818
4805
4819
4806
4820
4807
4821
4808
4822
4823
4810
4824
4811
4825
4812
4826
4813
4827
4814
4828
4815
4829
4816
4830
4817
4831
4818
4832
4819
4833
4820
4834
4821
4835
4822
4836
4823
4837
4838
4825
4839
4826
4840
4827
4841
4828
4842
4829
4843
4830
4844
4831
4845
4832
4846
4833
4847
4834
4848
4835
4849
4836
4850
4837
4851
4838
4852
4853
4840
4854
4841
4855
4842
4856
4843
4857
4844
4858
4845
4859
4846
4860
4847
4861
4848
4862
4849
4863
4850
4864
4851
4865
4852
4866
4853
4867
4868
4855
4869
4856
4870
4857
4871
4858
4872
4859
4873
4860
4874
4861
4875
4862
4876
4863
4877
4864
4878
4865
4879
4866
4880
4867
4881
4868
4882
4883
4870
4884
4871
4885
4872
4886
4873
4887
4874
4888
4875
4889
4876
4890
4877
4891
4878
4892
4879
4893
4880
4894
4881
4895
4882
4896
4883
4897
4898
4885
4899
4886
4900
4887
4901
4888
4902
4889
4903
4890
4904
4891
4905
4892
4906
4893
4907
4894
4908
4895
4909
4896
4910
4897
4911
4898
4912
4913
4900
4914
4901
4915
4902
4916
4903
4917
4904
4918
4905
4919
4906
4920
4907
4921
4908
4922
4909
4923
4910
4924
4911
4925
4912
4926
4913
4927
4928
4915
4929
4916
4930
4917
4931
4918
4932
4919
4933
4920
4934
4921
4935
4922
4936
4923
4937
4924
4938
4925
4939
4926
4940
4927
4941
4928
4942
4943
4930
4944
4931
4945
4932
4946
4933
4947
4934
4948
4935
4949
4936
4950
4937
4951
4938
4952
4939
4953
4940
4954
4941
4955
4942
4956
4943
4957
4958
4945
4959
4946
4960
4947
4961
4948
4962
4949
4963
4950
4964
4951
4965
4952
4966
4953
4967
4954
4968
4955
4969
4956
4970
4957
4971
4958
4972
4973
4960
5253
4961
5254
4962
5255
4963
5256
4964
5257
4965
5258
4966
5259
4967
5260
4968
5261
4969
5262
4970
5263
4971
5264
4972
5265
4973
5266
5267
4975
4983
5118
4976
4984
5133
4977
4985
5148
4978
4986
5163
4979
4987
5178
4980
4988
5193
4981
4989
5208
4982
4990
5223
4991
5238
4984
4992
4985
4993
4986
4994
4987
4995
4988
4996
4989
4997
4990
4998
4991
4999
5000
4993
5001
4994
5002
4995
5003
4996
5004
4997
5005
4998
5006
4999
5007
5000
5008
5009
5002
5010
5003
5011
5004
5012
5005
5013
5006
5014
5007
5015
5008
5016
5009
5017
5018
5011
5019
5012
5020
5013
5021
5014
5022
5015
5023
5016
5024
5017
5025
5018
5026
5027
5020
5028
5021
5029
5022
5030
5023
5031
5024
5032
5025
5033
5026
5034
5027
5035
5036
5029
5037
5030
5038
5031
5039
5032
5040
5033
5041
5034
5042
5035
5043
5036
5044
5045
5038
5046
5039
5047
5040
5048
5041
5049
5042
5050
5043
5051
5044
5052
5045
5053
5054
5047
5055
5048
5056
5049
5057
5050
5058
5051
5059
5052
5060
5053
5061
5054
5062
5063
5056
5064
5057
5065
5058
5066
5059
5067
5060
5068
5061
5069
5062
5070
5063
5071
5072
5065
5073
5066
5074
5067
5075
5068
5076
5069
5077
5070
5078
5071
5079
5072
5080
5081
5074
5082
5075
5083
5076
5084
5077
5085
5078
5086
5079
5087
5080
5088
5081
5089
5090
5083
5091
5084
5092
5085
5093
5086
5094
5087
5095
5088
5096
5089
5097
5090
5098
5099
5092
5100
5093
5101
5094
5102
5095
5103
5096
5104
5097
5105
5098
5106
5099
5107
5108
5101
5109
5102
5110
5103
5111
5104
5112
5105
5113
5106
5114
5107
5115
5108
5116
5117
5110
5111
5112
5113
5114
5115
5116
5117
5119
5133
5120
5134
5121
5135
5122
5136
5123
5137
5124
5138
5125
5139
5126
5140
5127
5141
5128
5142
5129
5143
5130
5144
5131
5145
5132
5146
5147
5253
5134
5148
5135
5149
5136
5150
5137
5151
5138
5152
5139
5153
5140
5154
5141
5155
5142
5156
5143
5157
5144
5158
5145
5159
5146
5160
5147
5161
5162
5268
5149
5163
5150
5164
5151
5165
5152
5166
5153
5167
5154
5168
5155
5169
5156
5170
5157
5171
5158
5172
5159
5173
5160
5174
5161
5175
5162
5176
5177
5283
5164
5178
5165
5179
5166
5180
5167
5181
5168
5182
5169
5183
5170
5184
5171
5185
5172
5186
5173
5187
5174
5188
5175
5189
5176
5190
5177
5191
5192
5298
5179
5193
5180
5194
5181
5195
5182
5196
5183
5197
5184
5198
5185
5199
5186
5200
5187
5201
5188
5202
5189
5203
5190
5204
5191
5205
5192
5206
5207
5313
5194
5208
5195
5209
5196
5210
5197
5211
5198
5212
5199
5213
5200
5214
5201
5215
5202
5216
5203
5217
5204
5218
5205
5219
5206
5220
5207
5221
5222
5328
5209
5223
5210
5224
5211
5225
5212
5226
5213
5227
5214
5228
5215
5229
5216
5230
5217
5231
5218
5232
5219
5233
5220
5234
5221
5235
5222
5236
5237
5343
5224
5238
5225
5239
5226
5240
5227
5241
5228
5242
5229
5243
5230
5244
5231
5245
5232
5246
5233
5247
5234
5248
5235
5249
5236
5250
5237
5251
5252
5358
5239
5240
5241
5242
5243
5244
5245
5246
5247
5248
5249
5250
5251
5252
5373
5254
5268
5255
5269
5256
5270
5257
5271
5258
5272
5259
5273
5260
5274
5261
5275
5262
5276
5263
5277
5264
5278
5265
5279
5266
5280
5267
5281
5282
5269
5283
5270
5284
5271
5285
5272
5286
5273
5287
5274
5288
5275
5289
5276
5290
5277
5291
5278
5292
5279
5293
5280
5294
5281
5295
5282
5296
5297
5284
5298
5285
5299
5286
5300
5287
5301
5288
5302
5289
5303
5290
5304
5291
5305
5292
5306
5293
5307
5294
5308
5295
5309
5296
5310
5297
5311
5312
5299
5313
5300
5314
5301
5315
5302
5316
5303
5317
5304
5318
5305
5319
5306
5320
5307
5321
5308
5322
5309
5323
5310
5324
5311
5325
5312
5326
5327
5314
5328
5315
5329
5316
5330
5317
5331
5318
5332
5319
5333
5320
5334
5321
5335
5322
5336
5323
5337
5324
5338
5325
5339
5326
5340
5327
5341
5342
5329
5343
5330
5344
5331
5345
5332
5346
5333
5347
5334
5348
5335
5349
5336
5350
5337
5351
5338
5352
5339
5353
5340
5354
5341
5355
5342
5356
5357
5344
5358
5345
5359
5346
5360
5347
5361
5348
5362
5349
5363
5350
5364
5351
5365
5352
5366
5353
5367
5354
5368
5355
5369
5356
5370
5357
5371
5372
5359
5373
5360
5374
5361
5375
5362
5376
5363
5377
5364
5378
5365
5379
5366
5380
5367
5381
5368
5382
5369
5383
5370
5384
5371
5385
5372
5386
5387
5374
5375
5376
5377
5378
5379
5380
5381
5382
5383
5384
5385
5386
5387
)


// ************************************************************************* //
